(fabric.in tb_honeywell_simple


  (write .reset 1)
  (wait .reset 10)


  (write inimg 20 24 1 15 14 24 23 19 11 6 16 4 0 13 24 15 14 13 12 5 25 1 29 9 19 13 21 9 28 6 14 2 )
  (wait)
  (read inimg 20 24 1 15 14 24 23 19 11 6 16 4 0 13 24 15 14 13 12 5 25 1 29 9 19 13 21 9 28 6 14 2 )

  (write occ 12 25 27 25 19 21 1 19 28 4 10 28 13 7 22 17 22 16 7 14 1 14 11 20 5 18 0 3 1 23 16 24 )
  (wait)
  (read occ 12 25 27 25 19 21 1 19 28 4 10 28 13 7 22 17 22 16 7 14 1 14 11 20 5 18 0 3 1 23 16 24 )

  (write .start 1)

  (wait .done 100)

  (read outing 0  587202560  1297293361  1700208720  176  40  160  112  1397039157  808591444  2533355  3944604  134513154  0  134513089  32  3944786  3923708  3888172  -1241612288  3  -1241611608  2581784  2582704  134513121  -1073752008  2529142  134513121  24641422  134513024  -1073752076  2582624)
  (wait)

)
